         1          3        800
         1          4        120
         2          3        300
         2          8        450
         2          9        600
         2         11        100
         2         12        500
         3          7        150
         4          5        140
         4          8        200
         5          6        111
         5          8        222
         6          8        300
         6          9        417
         6         10        360
         6         12        250
         7         14        120
         8         12        345
         9         10        404
        10         12        200
        10         13        100
        11         15        150
        14         15         50
